GMT,Max TemperatureC,Mean TemperatureC,Min TemperatureC,Dew PointC,MeanDew PointC,Min DewpointC,Max Humidity, Mean Humidity, Min Humidity, Max Sea Level PressurehPa, Mean Sea Level PressurehPa, Min Sea Level PressurehPa, Max VisibilityKm, Mean VisibilityKm, Min VisibilitykM, Max Wind SpeedKm/h, Mean Wind SpeedKm/h, Max Gust SpeedKm/h,Precipitationmm, CloudCover, Events,WindDirDegrees
2015-11-19,11,10,8,10,8,6,97,86,72,1015,1013,1012,18,13,3,48,26,,6.10,,Rain,-1
2015-11-20,9,7,3,6,3,0,89,65,45,1014,1010,1006,31,31,31,23,13,,2.03,,Rain,-1
2015-11-21,6,4,2,1,-2,-7,86,59,27,1014,1011,1005,31,30,27,34,18,,0.00,,Rain,-1
2015-11-22,7,3,0,3,2,0,99,80,62,1024,1016,1012,31,23,14,21,6,,0.00,,Rain,-1
2015-11-23,7,3,-2,6,1,-2,98,82,57,1026,1024,1019,27,13,5,24,8,,0.25,,Rain,-1
2015-11-24,9,8,6,9,7,5,100,86,75,1017,1013,1011,31,21,8,34,18,,0.00,,Rain,-1
2015-11-25,12,10,8,8,7,6,87,74,64,1018,1014,1011,,,,21,14,,0.00,,,-1
2015-11-26,12,10,8,11,8,6,100,85,71,1022,1020,1019,31,18,6,14,10,,0.00,,Rain,-1
2015-11-27,11,9,6,11,8,1,100,87,60,1019,1011,1004,31,11,2,27,18,,2.03,,Rain,-1
2015-11-28,11,7,2,9,4,1,95,80,64,1015,1011,1006,31,18,6,45,21,,9.91,,Rain,-1
2015-11-29,12,10,9,11,8,6,95,83,71,1017,1009,1007,31,13,3,60,39,,4.06,,Rain,-1
2015-11-30,12,10,7,12,9,4,99,90,61,1018,1015,1013,31,13,3,58,29,,3.05,,Rain,-1
2015-12-1,14,13,12,12,10,6,100,81,59,1023,1022,1019,31,19,6,40,31,,0.00,,Rain,-1
2015-12-2,13,12,11,12,8,7,97,73,61,1023,1021,1020,31,21,5,29,23,,4.06,,Rain,-1
2015-12-3,13,12,9,12,11,6,98,83,69,1021,1016,1009,27,18,5,39,23,,0.25,,Rain,-1
2015-12-4,12,8,5,9,7,3,92,76,62,1027,1025,1016,31,26,6,35,21,,0.51,,Rain,-1
2015-12-5,12,11,9,8,7,6,72,66,61,1023,1017,1013,31,26,19,45,27,,0.00,,Rain,-1
2015-12-6,14,12,11,12,11,8,100,84,68,1021,1015,1010,31,16,3,34,23,,0.25,,Rain,-1
2015-12-7,14,13,12,13,11,9,96,84,72,1023,1021,1017,29,19,10,34,19,,0.51,,Rain,-1
2015-12-8,13,9,5,12,8,4,92,76,54,1029,1020,1016,31,20,6,35,24,,0.76,,Rain,-1
2015-12-9,11,8,4,7,5,3,91,72,62,1033,1031,1028,31,27,21,32,18,,0.00,,Rain,-1
2015-12-10,11,9,7,9,6,4,99,74,52,1028,1023,1021,31,19,3,34,23,,2.03,,Rain,-1
2015-12-11,9,7,4,8,6,3,97,85,71,1024,1022,1020,31,24,10,27,19,,6.10,,Rain,-1
2015-12-12,13,8,3,11,8,3,99,83,71,1024,1017,1013,31,17,3,42,16,,0.51,,Rain,-1
2015-12-13,10,8,6,11,8,6,100,95,90,1019,1017,1015,16,9,3,23,13,,0.51,,Rain,-1
2015-12-14,11,9,8,10,8,7,96,89,82,1016,1014,1012,24,15,5,24,11,,1.02,,Rain,-1
2015-12-15,14,11,9,13,11,9,100,96,85,1015,1013,1011,29,12,5,24,14,,6.10,,Rain,-1
2015-12-16,14,13,12,13,12,11,100,91,84,1019,1016,1012,31,16,2,40,24,,0.25,,Rain,-1
2015-12-17,14,13,12,13,11,8,94,79,64,1018,1014,1012,23,17,10,29,21,,3.05,,Rain,-1
2015-12-18,13,12,11,12,11,10,95,84,80,1018,1016,1014,27,21,18,24,18,,0.00,,Rain,-1
2015-12-19,15,13,12,14,12,9,96,83,61,1013,1009,1004,31,19,6,35,29,,0.51,,Rain,-1
2015-12-20,12,10,8,11,7,5,84,72,60,1012,1008,1003,31,27,18,40,26,,0.51,,Rain,-1
2015-12-21,12,9,7,12,7,4,94,81,73,1017,1013,1009,31,19,2,40,23,,3.05,,Rain,-1
2015-12-22,14,12,9,12,11,8,100,85,72,1015,1011,1009,31,22,3,42,26,,7.87,,Rain,-1
2015-12-23,11,9,7,8,6,4,81,72,61,1020,1016,1011,31,27,21,48,29,,0.25,,Rain,-1
2015-12-24,12,8,4,10,6,3,92,80,62,1019,1011,1004,27,17,2,45,31,,9.91,,Rain,-1
2015-12-25,14,9,3,12,8,2,95,83,74,1020,1017,1014,31,21,6,35,18,,3.05,,Rain,-1
2015-12-26,15,14,13,12,11,9,84,73,63,1017,1015,1013,29,22,13,39,31,,0.00,,Rain,-1
2015-12-27,14,12,11,13,12,10,100,91,79,1022,1018,1013,19,10,3,32,19,,6.10,,Rain,-1
2015-12-28,13,11,10,10,8,7,90,76,69,1021,1013,1008,31,20,11,29,21,,0.00,,Rain,-1
2015-12-29,12,10,8,10,7,6,87,72,61,1018,1015,1009,31,25,11,34,21,,0.25,,Rain,-1
2015-12-30,13,11,8,11,9,7,97,85,67,1013,1006,1001,31,17,5,50,32,,13.97,,Rain,-1
2015-12-31,11,7,4,6,4,2,89,75,56,1020,1010,1003,31,22,10,40,24,,7.87,,Rain,-1
2016-1-1,9,6,2,8,4,2,95,86,73,1021,1013,999,26,18,5,29,14,,0.51,,Rain,-1
2016-1-2,10,9,8,10,9,8,100,94,85,1002,996,991,31,13,2,32,21,,3.05,,Rain,-1
2016-1-3,9,7,5,8,6,3,99,87,74,1003,989,982,31,19,5,29,21,,9.91,,Rain,-1
2016-1-4,9,8,6,8,6,5,91,85,79,982,980,979,31,23,6,19,16,,6.10,,Rain,-1
2016-1-5,9,8,7,7,6,6,95,87,74,989,984,980,31,24,6,16,11,,0.51,,Rain,-1
2016-1-6,9,8,6,7,6,5,100,90,69,997,993,988,23,13,6,23,8,,0.00,,Rain,-1
2016-1-7,10,7,3,10,4,1,98,76,51,999,988,979,31,23,5,34,24,,0.25,,Rain,-1
2016-1-8,9,6,2,6,3,1,93,79,66,1000,998,995,31,24,16,24,13,,0.00,,Rain,-1
2016-1-9,9,8,6,8,7,3,96,86,76,995,987,979,31,24,8,35,14,,7.87,,Rain,-1
2016-1-10,7,6,4,4,3,2,92,81,68,985,983,980,31,26,10,32,23,,7.11,,Rain,-1
2016-1-11,7,6,3,6,4,3,98,90,79,991,983,978,31,28,11,23,11,,0.25,,Rain,-1
2016-1-12,7,6,5,4,3,1,88,73,62,1010,1000,992,31,28,23,32,24,,0.00,,Rain,-1
2016-1-13,7,3,1,4,2,0,93,77,62,1017,1013,1007,31,24,5,27,16,,0.25,,Rain,-1
2016-1-14,6,3,1,2,0,-3,91,73,41,1017,1009,1005,31,29,18,21,14,,0.25,,Rain,-1
2016-1-15,6,3,0,1,0,-1,88,72,55,1028,1023,1017,31,28,23,14,11,,0.00,,,-1
2016-1-16,6,2,-2,3,0,-3,91,80,64,1031,1029,1027,31,23,11,10,5,,0.00,,Rain,-1
2016-1-17,5,3,1,4,4,3,100,95,84,1027,1023,1016,26,12,3,23,10,,0.51,,Rain,-1
2016-1-18,5,3,2,5,2,-1,94,82,69,1016,1013,1011,31,22,10,24,16,,0.25,,Rain,-1
2016-1-19,6,1,-3,-1,-3,-4,97,77,44,1019,1017,1015,31,17,8,8,5,,0.00,,,-1
2016-1-20,5,-1,-6,-1,-3,-7,96,83,54,1021,1020,1019,13,9,6,10,3,,0.00,,,-1
2016-1-21,8,3,-3,6,3,-2,95,86,70,1020,1019,1017,29,12,6,21,11,,0.00,,Rain,-1
2016-1-22,12,9,6,12,8,6,100,91,80,1023,1015,1011,27,14,6,32,23,,6.10,,Rain,-1
2016-1-23,12,9,6,11,7,6,98,88,64,1030,1027,1024,24,15,10,29,16,,2.03,,Rain,-1
2016-1-24,14,11,8,12,12,11,99,90,76,1026,1025,1022,31,22,11,29,16,,0.00,,Rain,-1
2016-1-25,14,11,8,11,8,6,89,77,57,1023,1019,1014,31,22,10,45,24,,0.00,,Rain,-1
2016-1-26,12,9,6,11,8,5,95,85,69,1022,1014,1008,31,16,3,37,23,,13.97,,Rain,-1
2016-1-27,13,10,6,12,9,2,96,82,64,1017,1008,1004,31,24,8,40,29,,4.06,,Rain,-1
2016-1-28,9,6,2,8,3,1,97,74,58,1025,1023,1019,31,23,5,39,16,,0.51,,Rain,-1
2016-1-29,11,9,8,10,9,8,100,90,75,1021,1016,1010,31,15,3,45,34,,0.51,,Rain,-1
2016-1-30,8,6,4,10,3,-2,97,68,42,1013,1010,1008,31,24,6,34,26,,0.00,,Rain,-1
2016-1-31,11,7,3,11,8,3,100,92,79,1014,1009,1005,27,12,5,47,23,,0.25,,Rain,-1
2016-2-1,12,11,9,10,8,4,92,79,64,1016,1015,1014,24,16,10,53,40,,0.00,,Rain,-1
2016-2-2,9,7,5,6,3,2,82,69,52,1018,1016,1014,31,24,14,39,29,,0.25,,Rain,-1
2016-2-3,9,6,3,3,2,0,81,67,53,1030,1024,1019,31,28,21,27,18,,0.00,,,-1
2016-2-4,12,8,3,10,8,3,100,90,71,1028,1026,1024,31,16,2,37,24,,0.00,,Rain,-1
2016-2-5,10,9,8,9,8,6,96,85,71,1026,1016,1007,31,19,5,32,23,,2.03,,Rain,-1
2016-2-6,11,8,6,10,8,4,100,91,81,1007,994,985,31,15,2,48,24,,24.89,,Rain,-1
2016-2-7,10,7,3,8,4,2,92,81,65,994,990,983,31,21,3,45,27,,6.10,,Rain,-1
2016-2-8,8,7,4,6,4,2,91,77,60,994,987,982,24,14,5,66,45,,5.08,,Rain,-1
2016-2-9,7,4,2,3,2,0,99,78,54,994,989,986,31,25,5,40,19,,0.25,,Rain,-1
2016-2-10,9,6,1,4,2,-1,92,73,46,1004,998,992,31,28,19,35,19,,0.00,,,-1
2016-2-11,8,3,-2,3,1,-2,100,82,52,1005,1003,999,31,20,6,13,5,,0.00,,,-1
2016-2-12,7,4,2,4,2,1,98,83,64,998,994,992,31,21,10,16,11,,0.00,,Rain,-1
2016-2-13,4,3,2,3,2,2,100,89,81,992,987,984,14,9,5,27,18,,2.03,,Rain,-1
2016-2-14,6,3,1,2,0,-3,97,74,40,1014,999,989,31,18,6,29,14,,0.00,,,-1
2016-2-15,6,2,-1,-1,-3,-4,83,62,38,1036,1027,1015,31,29,24,24,13,,0.00,,,-1
2016-2-16,7,1,-4,2,-1,-5,92,70,48,1036,1032,1025,31,22,13,26,10,,0.00,,Rain,-1
2016-2-17,7,6,4,6,4,2,99,84,64,1024,1015,1010,31,20,5,32,19,,7.11,,Rain,-1
2016-2-18,7,4,2,3,1,-2,90,74,40,1019,1015,1011,31,22,18,21,8,,0.00,,Fog,-1
2016-2-19,10,6,1,9,4,1,98,83,60,1019,1014,1009,31,21,2,34,14,,0.00,,Rain,-1
2016-2-20,11,9,8,10,8,7,98,92,81,1013,1010,1008,11,8,2,60,35,,3.05,,Rain,-1
2016-2-21,11,10,9,11,10,9,100,97,94,1013,1011,1008,6,3,2,48,39,,0.76,,Rain,-1
2016-2-22,9,6,3,9,3,-2,100,71,41,1014,1010,1008,31,18,5,37,19,,0.00,,Rain,-1
2016-2-23,9,6,2,3,1,-2,87,62,36,1022,1018,1014,31,26,19,14,10,,0.00,,Rain,-1
2016-2-24,7,3,-1,-1,-3,-4,85,60,32,1022,1019,1016,31,27,16,16,8,,0.00,,,-1
2016-2-25,6,2,-2,0,-2,-4,85,62,38,1019,1017,1015,31,27,19,11,5,,0.00,,,-1
2016-2-26,7,4,1,2,-1,-3,73,63,40,1014,1009,1005,31,24,14,21,11,,0.00,,Rain,-1
2016-2-27,7,4,3,1,-2,-4,77,56,35,1017,1011,1006,27,15,8,27,16,,0.00,,,-1
2016-2-28,7,4,1,1,-1,-2,87,69,48,1028,1022,1017,31,11,6,24,18,,0.00,,,-1
2016-2-29,7,2,-2,3,0,-3,91,72,55,1029,1027,1022,31,22,8,19,8,,0.00,,Rain,-1
2016-3-1,11,8,4,10,8,4,98,91,81,1022,1010,1004,26,7,2,39,26,,0.00,,Rain,-1
2016-3-2,8,6,3,5,2,-2,89,68,39,1004,1002,996,31,19,11,39,26,,0.00,,Rain,-1
2016-3-3,9,7,5,7,3,1,97,66,54,1009,1004,993,31,24,5,24,18,,2.03,,Rain,-1
2016-3-4,7,4,1,3,1,-1,96,74,51,994,992,990,31,19,3,24,16,,1.02,,Rain,-1
2016-3-5,8,4,1,2,1,-1,98,73,44,1008,1002,995,24,13,3,24,13,,0.25,,Rain,-1
2016-3-6,6,3,1,2,-1,-4,81,66,37,1009,1007,1005,31,31,31,23,8,,0.00,,Rain,-1
2016-3-7,8,3,-1,0,-3,-5,78,56,31,1016,1011,1007,31,31,31,19,10,,0.00,,,-1
2016-3-8,8,3,-2,7,3,-3,96,80,67,1016,1012,1001,31,20,3,23,8,,0.76,,Rain,-1
2016-3-9,7,5,3,7,3,2,97,77,61,1012,998,986,31,12,5,37,23,,3.05,,Rain,-1
2016-3-10,7,4,1,3,2,0,87,72,59,1027,1021,1012,31,21,11,19,11,,0.00,,,-1
2016-3-11,10,7,4,4,3,2,85,70,50,1029,1028,1027,18,10,5,8,3,,0.00,,,-1
2016-3-12,12,6,0,4,2,0,96,69,37,1032,1030,1029,19,9,3,11,3,,0.00,,,-1
2016-3-13,11,7,3,4,2,1,94,67,41,1035,1034,1032,11,7,3,16,6,,0.00,,,-1
2016-3-14,11,7,2,1,0,-3,85,59,29,1035,1033,1030,31,12,6,27,18,,0.00,,,-1
2016-3-15,11,6,1,6,3,-1,86,74,60,1031,1031,1030,19,11,6,26,16,,0.00,,,-1
2016-3-16,11,8,6,6,3,-1,94,68,44,1031,1030,1029,31,15,5,26,19,,0.00,,Rain,-1
2016-3-17,11,7,2,2,1,-1,87,63,38,1032,1030,1029,18,10,5,19,14,,0.00,,,-1
2016-3-18,6,3,-1,4,2,-1,95,84,71,1029,1028,1027,23,7,2,21,8,,0.00,,Rain,-1
2016-3-19,8,7,5,3,2,1,80,67,59,1028,1027,1026,31,24,16,23,18,,0.00,,,-1
2016-3-20,8,7,5,2,2,1,75,64,48,1027,1026,1025,31,23,11,19,13,,0.00,,,-1
2016-3-21,12,7,1,4,2,-1,93,62,40,1026,1024,1022,31,16,5,14,6,,0.00,,Fog,-1
2016-3-22,9,7,5,2,2,1,70,56,46,1021,1019,1017,31,20,11,11,5,,0.00,,,-1
2016-3-23,11,7,2,4,2,1,85,64,41,1018,1017,1016,14,11,6,26,6,,0.00,,,-1
2016-3-24,9,7,4,8,6,3,98,88,77,1017,1013,1009,31,11,2,32,13,,1.02,,Rain,-1
2016-3-25,13,9,6,8,4,0,100,65,38,1017,1014,1009,27,19,3,23,11,,0.00,,Rain,-1
2016-3-26,13,9,6,11,7,3,94,82,70,1012,1001,994,31,16,3,42,26,,6.10,,Rain,-1
2016-3-27,11,8,4,6,4,2,91,73,46,999,996,983,31,20,5,37,21,,1.02,,Rain,-1
2016-3-28,11,7,3,9,4,3,95,75,50,997,987,970,27,16,3,39,29,,0.25,,Rain,-1
2016-3-29,9,7,3,5,4,2,94,81,48,1004,1002,998,31,14,3,35,19,,6.10,,Rain,-1
2016-3-30,11,7,3,6,4,2,89,77,55,1013,1008,1004,31,28,18,23,14,,0.51,,Rain,-1
2016-3-31,13,6,-1,4,1,-2,94,68,30,1019,1016,1013,31,25,21,16,5,,0.00,,,-1
2016-4-1,11,7,2,5,4,2,100,73,42,1020,1017,1014,31,18,2,29,13,,0.00,,Fog-Rain,-1
2016-4-2,14,11,8,7,4,-2,84,58,24,1014,1011,1007,31,23,10,23,16,,0.25,,Rain,-1
2016-4-3,14,10,6,8,6,2,92,70,49,1007,1004,1001,27,12,5,21,11,,0.51,,Rain,-1
2016-4-4,12,9,7,8,7,6,94,82,66,1003,1001,1000,31,14,6,21,10,,1.02,,Rain,-1
2016-4-5,14,9,4,7,6,3,99,74,38,1012,1008,1004,31,19,5,26,13,,0.51,,Rain,-1
2016-4-6,12,9,6,7,5,2,93,73,50,1011,1008,1007,31,19,2,48,24,,2.03,,Rain,-1
2016-4-7,11,8,5,6,3,2,78,63,46,1014,1010,1008,31,23,14,34,24,,0.00,,Rain,-1
2016-4-8,12,9,6,7,5,3,86,67,49,1014,1011,1006,31,26,21,26,14,,0.25,,Rain,-1
2016-4-9,9,6,2,8,3,-1,95,72,40,1005,1003,1001,31,18,5,27,18,,1.02,,Rain,-1
2016-4-10,12,7,1,6,2,-1,88,64,28,1006,1005,1003,31,24,11,37,18,,2.03,,Rain,-1
2016-4-11,11,9,7,9,8,6,99,89,75,1007,1006,1004,27,8,2,24,13,,13.97,,Rain,-1
2016-4-12,14,8,2,9,6,3,100,78,37,1007,1006,1005,31,8,0,16,3,,0.00,,Fog,-1
2016-4-13,16,9,2,8,5,2,100,68,33,1010,1008,1007,31,16,0,21,5,,0.00,,Fog-Rain,-1
2016-4-14,16,12,8,7,7,5,86,63,44,1010,1009,1006,31,29,23,23,8,,0.00,,Rain,-1
2016-4-15,12,10,8,8,7,3,96,80,60,1005,1001,999,29,16,5,21,10,,0.25,,Rain,-1
2016-4-16,9,7,3,3,1,-3,90,59,29,1011,1005,1001,31,26,11,21,10,,0.25,,Rain,-1
2016-4-17,11,6,1,3,0,-2,76,55,29,1021,1016,1012,31,27,21,21,8,,0.00,,,-1
2016-4-18,13,8,3,7,3,0,84,67,43,1026,1023,1021,31,27,16,34,13,,0.00,,,-1
2016-4-19,14,11,7,8,6,3,91,63,38,1030,1028,1026,31,19,10,16,11,,0.00,,,-1
2016-4-20,17,10,4,4,2,1,84,51,27,1031,1029,1025,31,19,5,26,14,,0.00,,,-1
2016-4-21,15,9,4,7,4,0,85,60,37,1027,1024,1021,31,16,8,24,18,,0.00,,Rain,-1
2016-4-22,10,9,7,8,4,2,96,68,40,1023,1022,1020,31,15,6,21,18,,5.08,,Rain,-1
2016-4-23,12,7,3,4,1,-3,86,57,27,1023,1022,1021,31,25,18,23,14,,0.00,,Rain,-1
2016-4-24,13,9,6,3,1,0,65,49,35,1023,1021,1020,31,26,16,16,10,,0.00,,,-1
2016-4-25,13,9,5,6,3,-1,82,59,36,1020,1012,1008,31,27,24,24,13,,0.25,,Rain,-1
2016-4-26,11,7,2,2,-2,-7,68,49,19,1013,1010,1010,31,23,16,24,13,,0.51,,Rain,-1
2016-4-27,10,6,2,2,1,-1,83,65,37,1015,1014,1013,31,26,19,26,10,,0.00,,Rain,-1
2016-4-28,11,6,0,5,2,-2,89,66,36,1015,1013,1009,31,26,6,42,14,,3.05,,Rain,-1
2016-4-29,11,8,4,4,1,-2,68,53,31,1016,1011,1009,31,25,14,42,24,,0.25,,Rain,-1
2016-4-30,12,7,2,5,2,-1,79,58,35,1027,1022,1016,31,28,16,23,10,,0.25,,Rain,-1
2016-5-1,13,8,2,11,6,2,94,75,51,1028,1027,1025,31,23,11,26,11,,0.00,,Rain,-1
2016-5-2,16,12,8,11,9,6,95,78,59,1024,1020,1018,31,16,5,37,18,,5.08,,Rain,-1
2016-5-3,14,9,3,5,4,2,90,68,44,1028,1026,1023,27,18,11,32,13,,0.25,,,-1
2016-5-4,16,10,3,7,5,3,98,62,35,1028,1026,1023,29,17,10,21,11,,0.00,,,-1
2016-5-5,19,11,3,7,3,1,77,45,18,1023,1019,1015,31,24,13,23,10,,0.00,,,-1
2016-5-6,21,14,8,8,5,2,60,44,27,1016,1011,1007,31,20,14,16,8,,0.00,,,-1
2016-5-7,21,16,11,14,9,7,73,60,38,1007,1006,1004,31,20,10,16,8,,0.51,,Rain,-1
2016-5-8,25,19,13,14,10,6,88,54,21,1007,1006,1005,31,18,10,32,13,,0.51,,Rain,-1
2016-5-9,22,18,15,15,12,9,94,64,45,1008,1007,1006,31,20,5,21,13,,2.03,,Rain,-1
2016-5-10,17,16,14,16,15,14,100,95,87,1008,1006,1004,11,4,2,19,8,,6.10,,Rain,-1
2016-5-11,17,16,13,16,14,13,99,95,79,1005,1003,1002,29,7,2,16,8,,13.97,,Rain,-1
2016-5-12,22,18,13,14,13,11,98,73,43,1006,1003,1003,31,11,2,24,14,,0.00,,Rain,-1
2016-5-13,17,13,10,11,9,6,86,70,53,1016,1011,1006,31,13,6,29,23,,0.00,,,-1
2016-5-14,14,11,7,7,4,2,81,56,31,1023,1020,1017,31,20,10,21,13,,0.00,,,-1
2016-5-15,16,11,6,10,6,3,92,62,41,1024,1023,1021,31,19,6,29,8,,0.00,,,-1
2016-5-16,17,11,4,11,7,2,90,64,45,1023,1022,1020,31,21,6,34,11,,0.00,,,-1
2016-5-17,16,12,7,12,9,7,96,79,60,1021,1016,1010,31,16,3,23,13,,0.25,,Rain,-1
2016-5-18,16,13,10,11,9,5,94,72,41,1009,1005,1003,31,17,3,23,16,,1.02,,Rain,-1
2016-5-19,16,12,8,12,9,6,97,72,49,1013,1011,1008,31,20,2,26,13,,0.25,,Rain,-1
2016-5-20,18,14,11,12,11,9,97,77,53,1015,1014,1011,29,14,6,27,23,,4.06,,Rain,-1
2016-5-21,16,13,11,13,12,10,97,89,78,1010,1007,1005,31,15,6,27,21,,7.11,,Rain,-1
2016-5-22,16,12,8,11,9,7,100,81,55,1014,1008,1006,31,13,5,24,6,,3.05,,Fog-Rain,-1
2016-5-23,17,12,6,9,8,7,88,66,44,1022,1019,1014,31,28,18,16,8,,0.00,,,-1
2016-5-24,17,12,7,8,6,4,87,57,34,1023,1022,1019,31,24,11,24,16,,0.00,,,-1
2016-5-25,13,10,7,7,6,3,79,66,54,1021,1019,1017,31,25,18,19,14,,0.00,,,-1
2016-5-26,18,13,9,8,8,6,88,63,35,1017,1016,1015,31,17,6,21,8,,0.00,,,-1
2016-5-27,20,16,11,13,11,8,92,69,45,1017,1016,1015,31,15,2,19,10,,0.25,,Rain,-1
2016-5-28,20,16,11,13,11,10,92,71,48,1017,1015,1013,19,10,3,16,13,,0.00,,Rain,-1
2016-5-29,20,14,9,11,9,8,89,64,42,1016,1014,1014,26,15,6,24,14,,0.00,,,-1
2016-5-30,19,15,11,12,10,9,88,69,50,1019,1018,1016,19,12,6,26,14,,0.00,,,-1
2016-5-31,19,16,12,12,10,8,91,63,44,1022,1020,1019,31,26,16,29,16,,0.51,,Rain,-1
2016-6-1,16,14,12,12,12,11,95,83,74,1024,1023,1022,31,19,3,26,18,,0.25,,Rain,-1
2016-6-2,17,13,9,10,8,7,85,67,48,1024,1022,1020,31,17,8,29,21,,0.00,,Rain,-1
2016-6-3,19,13,7,12,9,6,88,67,45,1021,1018,1016,27,16,8,16,11,,0.00,,,-1
2016-6-4,20,16,12,16,13,9,90,74,61,1019,1018,1017,13,9,5,13,6,,0.00,,,-1
2016-6-5,23,19,14,16,14,12,85,69,47,1021,1020,1019,31,14,6,16,11,,0.00,,,-1
2016-6-6,25,19,13,15,13,10,88,59,38,1022,1021,1020,31,16,8,16,11,,0.00,,,-1
2016-6-7,22,18,13,16,14,12,96,75,59,1024,1023,1022,14,9,5,21,8,,0.00,,,-1
2016-6-8,23,19,14,16,15,14,93,74,54,1025,1024,1023,14,8,5,13,10,,0.00,,Rain,-1
2016-6-9,22,18,13,16,14,11,89,76,56,1023,1021,1017,29,11,5,11,8,,0.00,,,-1
2016-6-10,22,18,14,16,14,11,94,76,51,1017,1013,1011,23,13,3,13,5,,8.89,,Rain,-1
2016-6-11,20,17,14,16,14,14,98,85,68,1012,1011,1010,24,13,6,19,5,,5.08,,Rain,-1
2016-6-12,20,17,13,15,14,13,100,84,60,1010,1007,1005,31,15,2,35,14,,2.03,,Rain,-1
2016-6-13,18,16,14,14,13,12,98,80,60,1006,1003,1000,31,16,10,29,19,,1.02,,Rain,-1
2016-6-14,17,15,13,13,13,12,97,84,69,1000,996,995,31,18,5,32,19,,1.02,,Rain,-1
2016-6-15,18,14,11,13,12,11,96,83,58,998,996,994,31,23,11,19,11,,2.03,,Rain,-1
2016-6-16,18,16,13,14,13,12,98,82,62,1003,1001,999,31,16,5,13,6,,2.03,,Rain,-1
2016-6-17,20,16,12,14,12,11,97,81,52,1014,1008,1003,31,16,3,16,10,,2.03,,Rain,-1
2016-6-18,19,14,11,12,11,9,88,72,59,1024,1020,1015,31,21,14,26,10,,0.00,,,-1
2016-6-19,18,13,9,16,13,10,99,88,73,1024,1022,1017,31,15,2,21,11,,3.05,,Rain,-1
2016-6-20,20,17,14,16,14,12,99,87,64,1016,1013,1011,31,14,3,32,19,,7.11,,Rain,-1
2016-6-21,19,16,13,13,12,10,92,73,49,1018,1017,1015,31,23,11,23,14,,0.00,,,-1
2016-6-22,20,17,13,17,15,11,98,86,75,1019,1018,1017,31,14,3,11,8,,0.76,,Rain,-1
2016-6-23,20,17,14,15,13,12,91,76,62,1018,1017,1016,31,24,14,26,10,,0.00,,,-1
2016-6-24,18,15,12,14,12,10,95,77,56,1018,1017,1017,31,28,23,32,16,,2.03,,Rain,-1
2016-6-25,19,15,11,14,12,10,91,77,62,1019,1018,1017,,,,24,11,,11.94,,Rain,-1
2016-6-26,17,14,12,15,12,11,97,81,60,1020,1019,1016,31,21,5,27,14,,2.03,,Rain,-1
2016-6-27,19,17,14,15,12,8,98,69,43,1021,1019,1016,19,16,10,27,18,,0.00,,Rain,-1
2016-6-28,18,13,9,13,11,8,96,78,46,1021,1013,1004,31,25,8,26,11,,2.03,,Rain,-1
2016-6-29,16,13,11,13,12,9,96,87,79,1011,1008,1005,31,20,5,29,19,,3.05,,Rain,-1
2016-6-30,18,14,12,14,13,11,100,82,61,1010,1009,1007,31,25,11,23,14,,2.03,,Rain,-1
2016-7-1,17,15,12,14,11,8,100,73,51,1010,1009,1008,31,23,2,37,24,,0.00,,Rain,-1
2016-7-2,18,14,11,12,9,8,87,66,48,1017,1013,1010,,,,40,26,,0.51,,Rain,-1
2016-7-3,20,15,10,12,11,8,98,70,35,1021,1018,1017,31,27,14,26,13,,0.25,,Rain,-1
2016-7-4,19,14,10,16,13,9,94,81,68,1021,1018,1015,31,28,23,19,11,,0.25,,Rain,-1
2016-7-5,20,17,13,14,11,8,94,62,42,1023,1019,1015,27,21,16,26,16,,0.00,,Rain,-1
2016-7-6,19,14,9,11,9,7,78,59,42,1024,1023,1022,,,,14,6,,0.00,,,-1
2016-7-7,21,17,14,14,13,11,85,72,52,1022,1020,1017,31,26,14,21,11,,0.00,,Rain,-1
2016-7-8,19,17,15,16,14,13,100,79,61,1020,1017,1014,31,17,2,39,21,,0.51,,Rain,-1
2016-7-9,24,19,15,18,16,13,90,78,62,1021,1016,1012,31,19,11,29,16,,0.00,,Rain,-1
2016-7-10,22,19,16,16,14,13,89,76,58,1012,1008,1006,31,22,16,29,21,,0.25,,Rain,-1
2016-7-11,19,17,14,14,13,11,98,77,57,1011,1008,1005,31,17,5,39,27,,2.03,,Rain,-1
2016-7-12,19,15,11,12,10,7,88,64,41,1016,1013,1011,31,25,14,23,13,,0.00,,Rain,-1
2016-7-13,18,13,9,12,9,5,85,66,32,1023,1019,1016,31,26,21,24,8,,1.02,,Rain,-1
2016-7-14,20,16,11,12,10,8,82,64,47,1028,1025,1023,29,24,18,27,11,,0.00,,Rain,-1
2016-7-15,17,14,11,16,13,9,95,85,68,1028,1027,1026,31,21,6,29,14,,0.25,,Rain,-1
2016-7-16,19,17,16,17,16,15,95,90,82,1026,1026,1025,31,17,6,26,21,,0.00,,,-1
2016-7-17,22,19,16,18,17,16,97,86,70,1024,1023,1022,31,17,6,29,19,,0.00,,,-1
2016-7-18,28,21,15,18,17,16,100,74,44,1023,1022,1019,31,10,0,13,8,,0.00,,Fog,-1
2016-7-19,33,24,17,19,17,14,85,53,29,1020,1015,1011,31,25,14,27,11,,0.00,,,-1
2016-7-20,24,20,16,18,16,12,79,65,51,1014,1010,1006,31,23,13,39,18,,0.00,,Rain,-1
2016-7-21,21,17,13,15,14,12,92,75,56,1018,1017,1015,31,20,11,16,13,,0.25,,Rain,-1
2016-7-22,25,20,14,16,14,13,98,68,38,1020,1019,1017,26,17,6,19,6,,0.00,,,-1
2016-7-23,23,18,14,17,15,12,99,75,49,1021,1021,1020,31,14,0,21,10,,0.00,,Fog,-1
2016-7-24,20,18,15,18,15,13,94,81,69,1021,1019,1017,31,24,6,27,13,,0.51,,Rain,-1
2016-7-25,21,17,13,14,13,11,92,70,45,1022,1020,1019,31,20,6,29,18,,0.25,,Rain,-1
2016-7-26,20,17,13,16,13,12,97,77,56,1022,1021,1019,31,22,3,23,13,,1.02,,Rain,-1
2016-7-27,23,19,16,17,15,11,97,76,56,1018,1016,1015,31,16,3,27,18,,0.25,,Rain,-1
2016-7-28,21,17,12,17,13,10,91,77,63,1017,1014,1012,31,25,2,27,11,,0.76,,Rain,-1
2016-7-29,22,18,14,16,15,14,97,80,56,1013,1011,1010,31,21,2,29,18,,0.51,,Rain,-1
2016-7-30,22,18,14,14,11,9,84,58,37,1016,1014,1013,31,25,19,21,8,,0.00,,,-1
2016-7-31,21,16,10,12,10,8,85,59,45,1020,1018,1016,31,29,26,32,10,,0.00,,,-1
2016-8-1,17,14,11,14,12,10,99,83,68,1021,1018,1011,31,14,5,23,10,,5.08,,Rain,-1
2016-8-2,21,18,14,18,17,15,100,96,81,1011,1009,1008,31,10,2,34,21,,3.05,,Rain,-1
2016-8-3,21,18,15,18,15,13,99,79,60,1009,1008,1007,31,19,2,39,24,,0.25,,Rain,-1
2016-8-4,20,17,14,14,13,12,97,76,58,1015,1010,1007,31,20,10,35,29,,0.00,,Rain,-1
2016-8-5,22,17,12,15,13,12,95,76,54,1024,1020,1015,31,21,11,32,11,,0.00,,,-1
2016-8-6,23,18,12,16,14,11,95,70,46,1028,1027,1025,31,26,13,24,13,,0.00,,,-1
2016-8-7,21,19,17,18,14,12,99,74,49,1026,1024,1022,27,14,3,45,26,,0.00,,Rain,-1
2016-8-8,20,17,13,14,10,6,81,59,35,1025,1023,1021,31,23,10,35,21,,0.00,,Rain,-1
2016-8-9,19,14,9,10,8,6,87,59,31,1028,1027,1026,31,22,14,16,8,,0.00,,,-1
2016-8-10,19,16,12,13,10,8,74,64,47,1027,1026,1024,31,27,19,21,10,,0.00,,,-1
2016-8-11,19,17,14,14,12,10,83,72,60,1025,1024,1023,27,19,11,34,19,,0.00,,Rain,-1
2016-8-12,21,18,15,14,13,12,89,72,54,1025,1025,1024,27,16,10,35,23,,0.00,,,-1
2016-8-13,22,19,16,17,14,11,85,69,48,1025,1023,1022,31,25,10,29,24,,0.00,,,-1
2016-8-14,21,16,11,12,11,9,89,63,42,1026,1026,1025,31,31,31,13,5,,0.00,,,-1
2016-8-15,24,18,11,12,11,9,88,57,31,1026,1024,1021,31,26,18,16,6,,0.00,,,-1
2016-8-16,26,18,11,13,12,10,86,58,31,1022,1019,1015,31,28,21,14,8,,0.00,,,-1
2016-8-17,26,19,12,16,13,10,87,64,36,1016,1013,1010,31,19,6,13,8,,0.00,,Rain,-1
2016-8-18,24,20,17,16,15,13,85,67,42,1011,1010,1009,27,14,8,14,6,,0.00,,Rain,-1
2016-8-19,21,18,14,16,14,12,95,79,57,1009,1005,1002,29,13,2,27,13,,7.11,,Rain,-1
2016-8-20,17,16,13,15,13,11,93,82,72,1008,1004,1002,31,13,3,39,26,,6.10,,Rain,-1
2016-8-21,19,17,14,16,14,12,97,84,56,1021,1016,1009,23,14,3,37,29,,0.25,,Rain,-1
2016-8-22,22,19,16,18,16,15,92,83,70,1024,1022,1020,31,24,14,24,16,,0.00,,Rain,-1
2016-8-23,28,20,12,17,14,12,97,67,33,1024,1021,1018,31,21,10,23,8,,0.00,,,-1
2016-8-24,23,19,15,17,16,14,97,73,56,1020,1019,1018,31,22,10,19,8,,0.51,,Rain,-1
2016-8-25,19,17,15,18,16,14,99,91,72,1019,1016,1014,18,6,2,10,8,,0.51,,Rain,-1
2016-8-26,21,17,12,18,12,9,98,70,38,1021,1019,1015,31,14,2,19,10,,0.00,,Rain,-1
2016-8-27,22,16,10,18,14,9,91,80,68,1021,1016,1011,31,20,6,16,6,,0.76,,Rain,-1
2016-8-28,23,19,15,17,16,13,93,79,59,1018,1013,1011,27,17,5,16,10,,0.00,,,-1
2016-8-29,22,17,12,15,13,11,95,68,41,1025,1022,1018,31,30,29,21,8,,0.00,,,-1
2016-8-30,24,18,12,16,13,10,100,70,35,1026,1024,1022,31,16,2,19,10,,0.00,,,-1
2016-8-31,21,17,12,16,13,11,91,75,49,1023,1021,1020,31,22,10,27,13,,0.00,,Rain,-1
2016-9-1,21,16,10,15,12,11,100,75,50,1025,1023,1022,31,21,8,24,10,,0.00,,Fog,-1
2016-9-2,19,16,13,16,13,12,96,79,58,1022,1019,1017,31,22,3,23,14,,1.02,,Rain,-1
2016-9-3,18,15,12,17,14,12,96,90,76,1019,1014,1009,26,14,6,29,13,,6.10,,Rain,-1
2016-9-4,18,17,15,16,13,13,92,77,65,1017,1013,1009,31,20,11,35,27,,0.51,,Rain,-1
2016-9-5,21,17,14,19,17,13,100,94,86,1022,1018,1015,31,16,3,21,11,,0.00,,Rain,-1
2016-9-6,23,20,18,18,17,16,100,80,60,1024,1023,1022,31,19,2,14,10,,0.25,,Rain,-1
2016-9-7,24,20,16,18,16,13,87,73,54,1022,1017,1011,31,23,11,14,8,,0.00,,,-1
2016-9-8,20,17,14,14,13,11,87,67,47,1014,1011,1007,31,22,13,40,18,,0.00,,Rain,-1
2016-9-9,21,18,15,16,15,13,85,75,66,1014,1012,1011,31,19,11,32,21,,1.02,,Rain,-1
2016-9-10,18,16,13,17,14,10,99,84,56,1016,1012,1010,27,14,3,27,18,,1.02,,Rain,-1
2016-9-11,19,13,8,12,9,8,99,70,43,1018,1016,1013,31,21,11,21,8,,0.00,,,-1
2016-9-12,21,17,13,17,15,11,89,79,68,1013,1011,1010,31,22,18,23,14,,0.00,,Rain,-1
2016-9-13,21,18,14,19,17,13,99,87,70,1010,1009,1008,27,13,5,21,8,,4.06,,Rain,-1
2016-9-14,24,21,17,19,17,14,95,79,54,1013,1010,1008,31,12,3,23,13,,0.00,,,-1
2016-9-15,25,18,11,19,16,12,100,84,60,1013,1011,1009,19,11,0,16,5,,0.00,,Fog,-1
2016-9-16,19,16,13,17,11,8,90,65,43,1020,1015,1010,31,25,10,19,10,,0.00,,Rain,-1
2016-9-17,19,16,11,11,10,9,82,62,46,1023,1022,1021,31,29,27,19,10,,0.00,,,-1
2016-9-18,19,14,11,13,11,9,88,74,53,1023,1022,1021,31,27,21,21,8,,0.00,,,-1
2016-9-19,16,14,13,15,13,10,99,85,68,1023,1022,1022,31,18,2,16,6,,1.02,,Rain,-1
2016-9-20,17,14,11,13,12,11,99,85,68,1022,1021,1020,18,9,0,11,6,,0.00,,Fog-Rain,-1
2016-9-21,20,16,11,17,13,11,100,84,62,1020,1017,1015,27,12,0,21,6,,0.25,,Fog-Rain,-1
2016-9-22,17,14,12,13,10,6,96,70,43,1022,1019,1016,31,21,3,19,11,,0.00,,Rain,-1
2016-9-23,19,14,9,11,8,7,83,63,41,1025,1023,1022,31,27,23,24,8,,0.00,,,-1
2016-9-24,21,16,12,15,13,9,95,73,51,1021,1014,1009,31,24,16,29,16,,2.03,,,-1
2016-9-25,17,14,12,16,11,8,97,75,52,1020,1014,1007,31,18,5,39,21,,2.03,,Rain,-1
2016-9-26,16,13,11,13,11,9,91,79,65,1021,1020,1020,27,21,10,24,13,,1.02,,Rain,-1
2016-9-27,19,16,13,17,14,11,98,86,73,1025,1021,1019,31,17,6,29,16,,0.00,,Rain,-1
2016-9-28,19,16,12,18,14,12,94,85,72,1025,1024,1020,26,10,5,27,21,,0.00,,Rain,-1
2016-9-29,18,15,12,16,12,8,97,76,55,1019,1015,1014,18,13,3,39,24,,1.02,,Rain,-1
2016-9-30,17,13,10,12,9,8,91,74,50,1014,1012,1010,31,23,10,29,13,,0.00,,Rain,-1
2016-10-1,15,12,8,11,9,8,95,85,67,1010,1006,1004,27,23,6,23,10,,5.08,,Rain,-1
2016-10-2,16,11,5,9,7,3,100,73,31,1023,1017,1011,31,18,6,10,5,,0.00,,Fog,-1
2016-10-3,18,11,4,9,7,4,97,73,41,1029,1027,1024,31,21,13,19,6,,0.00,,,-1
2016-10-4,18,13,8,12,9,6,99,75,51,1029,1029,1028,31,19,5,23,13,,0.00,,,-1
2016-10-5,18,14,9,10,8,4,89,63,32,1029,1028,1027,31,15,6,29,18,,0.00,,,-1
2016-10-6,15,11,6,7,6,3,88,65,35,1028,1026,1023,31,28,24,24,14,,0.00,,,-1
2016-10-7,14,11,8,11,9,6,86,80,68,1024,1023,1022,31,23,14,14,10,,0.00,,Rain,-1
2016-10-8,16,13,11,11,10,9,93,80,64,1029,1027,1025,31,17,6,19,11,,0.00,,Rain,-1
2016-10-9,14,11,8,9,7,6,91,70,49,1030,1029,1028,31,25,16,23,11,,0.00,,,-1
2016-10-10,14,10,6,7,6,5,95,73,50,1030,1027,1025,31,23,11,19,8,,0.00,,Rain,-1
2016-10-11,14,9,5,9,7,6,100,84,61,1025,1023,1022,31,15,0,16,11,,0.00,,Fog,-1
2016-10-12,16,12,9,10,9,8,96,77,55,1022,1021,1019,31,16,6,27,11,,0.00,,Rain,-1
2016-10-13,13,9,6,8,7,6,96,78,55,1018,1013,1009,31,18,10,23,14,,0.00,,Rain,-1
2016-10-14,15,11,7,9,8,6,96,78,53,1009,1006,1004,21,12,2,16,8,,3.05,,Rain-Snow,-1
2016-10-15,16,12,8,9,8,6,99,80,44,1009,1005,1003,31,13,5,14,10,,5.08,,Rain,-1
2016-10-16,17,12,7,12,9,7,100,78,47,1013,1009,1006,31,22,6,27,13,,3.05,,Rain,-1
2016-10-17,16,13,11,10,9,8,91,78,55,1021,1017,1013,31,19,14,32,18,,1.02,,Rain,-1
2016-10-18,13,11,9,10,7,3,97,68,40,1024,1021,1017,31,22,8,24,16,,1.02,,Rain,-1
2016-10-19,14,11,8,9,7,6,84,75,61,1024,1023,1023,31,25,8,16,11,,0.51,,Rain,-1
2016-10-20,13,10,8,9,8,7,89,79,66,1024,1023,1023,31,23,11,14,8,,0.00,,Rain,-1
2016-10-21,14,8,3,8,6,3,100,82,53,1023,1022,1020,31,11,0,13,5,,0.00,,Fog,-1
2016-10-22,12,8,4,8,6,4,100,87,64,1020,1017,1015,31,13,2,14,6,,0.00,,Fog-Rain,-1
2016-10-23,12,9,5,7,6,5,100,80,51,1015,1011,1009,31,11,2,29,14,,0.00,,,-1
2016-10-24,10,9,8,9,8,6,98,88,70,1017,1013,1010,31,9,5,19,13,,2.03,,Rain,-1
2016-10-25,13,11,9,11,9,8,100,94,83,1026,1022,1018,6,4,0,11,6,,0.00,,Fog-Rain,-1
2016-10-26,15,11,8,13,10,8,100,94,82,1031,1028,1026,26,10,2,19,6,,0.00,,Fog,-1
2016-10-27,15,11,7,11,10,7,100,88,70,1032,1032,1031,31,18,3,29,11,,0.25,,Fog,-1
2016-10-28,16,13,11,12,11,10,96,80,68,1036,1034,1032,31,22,6,27,19,,0.00,,,-1
2016-10-29,13,12,11,12,12,12,98,93,88,1036,1034,1032,18,8,2,10,3,,0.00,,,-1
2016-10-30,14,12,10,12,11,9,95,86,76,1032,1030,1028,11,7,2,13,5,,0.00,,,-1
2016-10-31,16,12,8,12,10,8,100,93,73,1028,1027,1025,6,2,0,10,6,,0.00,,Fog,-1
2016-11-1,12,9,6,10,9,7,100,93,85,1026,1025,1024,11,4,0,19,10,,0.00,,Fog-Rain,-1
2016-11-2,11,7,2,6,4,1,97,78,50,1027,1026,1025,31,15,5,13,5,,0.00,,,-1
2016-11-3,11,6,1,7,4,1,99,78,51,1025,1021,1016,31,17,8,19,6,,0.25,,,-1
2016-11-4,11,7,4,9,6,2,96,85,65,1015,1010,1007,31,13,5,11,8,,3.05,,Rain,-1
2016-11-5,9,6,3,5,2,0,90,69,43,1011,1008,1005,31,21,6,23,11,,0.00,,Rain,-1
2016-11-6,9,4,0,3,1,-1,86,72,51,1012,1009,1007,31,28,19,24,10,,0.51,,Rain,-1
2016-11-7,9,6,1,2,2,-1,88,71,54,1016,1015,1012,31,27,18,19,14,,0.00,,,-1
2016-11-8,7,3,-2,6,2,-2,99,85,59,1016,1009,998,31,20,5,21,5,,0.51,,Rain,-1
2016-11-9,11,8,5,7,5,3,99,79,53,1007,1001,993,31,19,5,23,16,,0.25,,Rain-Snow,-1
2016-11-10,12,9,6,7,5,2,90,74,48,1015,1009,1006,31,25,16,21,11,,0.25,,Rain,-1
2016-11-11,10,6,1,5,3,0,98,76,55,1023,1021,1016,31,23,11,16,8,,0.00,,,-1
2016-11-12,13,9,6,12,9,6,98,90,80,1022,1015,1012,31,16,3,23,13,,3.05,,Rain,-1
2016-11-13,12,9,7,7,6,5,92,77,58,1031,1028,1022,31,22,10,10,6,,0.00,,Rain,-1
2016-11-14,13,11,8,12,11,8,100,94,86,1031,1030,1028,31,12,5,26,14,,0.76,,Rain,-1
2016-11-15,14,13,12,13,12,12,100,96,92,1028,1026,1022,31,12,2,24,21,,0.51,,Rain,-1
2016-11-16,13,10,8,12,9,6,100,89,77,1022,1016,1011,26,13,2,35,21,,0.25,,Rain,-1
2016-11-17,11,8,5,8,6,3,93,83,64,1011,1000,992,29,13,2,45,18,,5.08,,Rain-Snow,-1
2016-11-18,6,4,2,3,2,1,95,87,75,1000,995,992,31,20,5,24,14,,2.03,,Rain,-1
2016-11-19,6,3,1,4,3,1,97,88,77,1003,999,987,29,19,10,21,11,,0.51,,Rain,-1
2016-11-20,6,4,3,6,3,2,99,84,71,995,988,975,31,17,6,34,19,,0.51,,Rain,-1
2016-11-21,9,7,4,8,6,3,99,95,87,993,987,983,31,12,2,26,16,,34.04,,Rain,-1
2016-11-22,7,7,6,8,6,5,99,93,86,1011,999,985,27,13,3,11,6,,2.03,,Rain,-1
2016-11-23,8,7,6,6,6,5,95,89,79,1022,1017,1012,24,9,2,21,10,,0.00,,Rain,-1
2016-11-24,9,7,6,7,6,3,88,79,70,1025,1024,1022,31,26,13,29,21,,0.00,,Fog,-1
2016-11-25,9,7,4,5,3,3,92,80,63,1025,1023,1022,31,25,10,26,19,,0.00,,,-1
2016-11-26,8,6,4,4,4,3,94,86,72,1022,1022,1021,31,16,6,23,16,,0.00,,Fog,-1
2016-11-27,8,6,3,5,4,3,99,84,66,1028,1025,1023,24,9,2,16,13,,0.00,,,-1
2016-11-28,9,6,3,4,1,-3,85,61,35,1033,1030,1028,31,22,14,19,13,,0.00,,,-1
2016-11-29,5,1,-3,0,-1,-3,95,80,59,1036,1034,1032,27,15,6,14,10,,0.00,,,-1
2016-11-30,7,1,-6,-1,-3,-6,98,82,38,1036,1035,1034,26,9,3,8,3,,0.00,,,-1
2016-12-1,4,-1,-6,2,-2,-7,100,93,74,1034,1032,1030,11,4,0,10,2,,0.25,,Fog,-1
2016-12-2,5,2,-1,4,3,0,100,98,92,1030,1028,1026,6,4,0,8,3,,0.00,,Fog,-1
2016-12-3,7,4,2,5,2,-1,98,81,67,1026,1025,1024,31,17,3,16,10,,0.00,,,-1
2016-12-4,6,3,1,2,1,-1,89,78,58,1024,1023,1022,26,18,11,23,14,,0.00,,,-1
2016-12-5,5,2,-1,4,1,-1,90,85,77,1025,1024,1023,19,9,5,14,10,,0.00,,Rain,-1
2016-12-6,10,7,3,9,7,4,100,96,89,1027,1026,1025,6,3,0,11,6,,0.25,,Fog-Rain,-1
2016-12-7,14,12,9,11,10,9,98,87,74,1026,1025,1024,27,11,3,24,13,,0.25,,Rain,-1
2016-12-8,13,12,11,13,12,11,97,92,83,1026,1024,1023,27,11,6,26,18,,1.02,,Rain,-1
2016-12-9,14,12,11,13,11,10,98,86,70,1025,1024,1022,31,13,3,27,14,,0.25,,Rain,-1
2016-12-10,11,9,6,12,10,5,100,97,86,1022,1021,1017,27,7,3,16,10,,13.97,,Rain,-1
2016-12-11,11,7,3,9,6,3,100,95,77,1026,1025,1023,24,10,0,23,10,,0.00,,Fog-Rain,-1
2016-12-12,11,6,0,11,6,1,100,95,80,1025,1021,1019,31,9,0,21,8,,1.02,,Fog-Rain,-1
2016-12-13,14,10,6,12,10,6,100,92,82,1021,1018,1017,31,13,3,21,10,,2.03,,Rain,-1
2016-12-14,12,10,8,11,8,7,94,86,74,1019,1017,1016,31,14,5,24,16,,0.00,,,-1
2016-12-15,11,9,8,10,9,8,98,93,85,1019,1016,1015,24,7,2,21,11,,1.02,,Rain,-1
2016-12-16,11,8,4,8,7,4,100,95,82,1032,1024,1017,11,5,0,11,6,,0.00,,Fog,-1
2016-12-17,8,4,2,8,5,2,100,99,96,1040,1037,1033,6,2,0,8,3,,0.00,,Fog,-1
2016-12-18,6,6,5,7,6,5,100,98,95,1039,1036,1033,6,3,0,10,6,,0.00,,Fog,-1
2016-12-19,7,6,4,6,6,4,100,96,86,1032,1028,1024,13,4,0,10,5,,1.02,,Fog-Rain,-1
2016-12-20,7,6,4,6,4,3,100,89,81,1024,1020,1016,18,6,2,16,10,,0.00,,Rain,-1